function pc = Pc(t , b)
pc = 64746.0228 *(1 - 0.0282346 * t)*t*b^3;
end